Level 1

Derpy
249
262
134
160

Muffin1
46
88
16
45

Muffin2
31
39
148
158

Muffin3
302
311
104
112

Level 2

Derpy
31
54
105
133

Muf1
153
166
167
176

Muf2
212
222
46
56

Muf3
135
145
32
42

Level 3

Derpy
127
140
100
115

Muf1
41
51
109
118

Muf2
268
276
22
33

Muf3
282
291
82
91

Level 4

Derpy
230
250
94
116

Muf1
35
45
75
84

Muf2
35
44
135
141

Muf3
188
198
56
64

Level 5

Derpy
0
16
124
145

Muf1
30
38
70
78

Muf2
135
144
148
157

Muf3
259
271
73
82

Level 6

Derpy
182
193
66
77

Muf1
3
12
118
127

Muf2
14
23
25
33

Muf3
204
213
56
64


Level 7

Derpy
64
75
87
102

Muf1
74
86
7
16

Muf2
199
214
16
29

Muf3
271
283
82
93

Level 8

Derpy
193
209
66
81

Muf1
110
117
104
112

Muf2
193
200
124
131

Muf3
209
214
64
75

Level 9

Derpy
223
255
121
147


Muf1
0
12
68
77

Muf2
215
226
25
36

Muf3
217
229
87
101

Level 10

Derpy
205
220
109
126

AND

195
205
89
104


Muf1
99
106
64
70

Muf2
163
173
83
84

Muf3
290
301
64
75


Level11

Derpy
48
70
92
119

AND

34
49
121
145

Muf1
8
24
152
166

Muf2
182
192
106
115

Muf3
190
201
105
114

Level 12
Derpy
291
303
131
159

AND

305
316
152
180

Muf1
12
24
105
115

Muf2
182
192
53
61

Muf3
277
287
109
118

Level 13
Derpy
277
288
86
109

Muf1
71
80
154
162

Muf2
169
177
20
28

Muf3
295
307
34
44

Level 14

Derpy
22
33
84
101

Muf1
15
24
103
112

Muf2
57
67
43
51

Muf3
183
200
143
159

Level 15

Derpy
98
118
98
118

Muf1
47
56
89
98

Muf2
232
244
72
86

Muf3
253
269
128
137

Level 16

Derpy
211
225
170
180

Muf1
44
55
102
110

Muf2
286
295
65
75

Muf3
306
317
120
129

Level 17

Derpy
184
193
92
105

AND

190
198
102
108

Muf1

26
36
138
152

Muf2
62
72
66
74

Muf3
257
264
70
77

Level 18

Derpy
113
125
141
155

AND

107
113
142
146

Muf1
66
83
76
90

Muf2
145
157
54
65

Muf3
220
229
125
134

Level 19

Derpy
308
320
70
92

Muf1
42
53
20
28

Muf2
28
37
105
114

Muf3
134
146
63
76

Level 20

Derpy
0
16
0
11

Muf1
86
106
0
13

Muf2
231
249
111
127

Muf3
306
320
6
20


